-1 1 1
-0.997778 0.99556 0.99556
-0.995556 0.991131 0.991131
-0.993333 0.986711 0.986711
-0.991111 0.982301 0.982301
-0.988889 0.977901 0.977901
-0.986667 0.973511 0.973511
-0.984444 0.969131 0.969131
-0.982222 0.96476 0.96476
-0.98 0.9604 0.9604
-0.977778 0.956049 0.956049
-0.975556 0.951709 0.951709
-0.973333 0.947378 0.947378
-0.971111 0.943057 0.943057
-0.968889 0.938746 0.938746
-0.966667 0.934444 0.934444
-0.964444 0.930153 0.930153
-0.962222 0.925872 0.925872
-0.96 0.9216 0.9216
-0.957778 0.917338 0.917338
-0.955556 0.913086 0.913086
-0.953333 0.908844 0.908844
-0.951111 0.904612 0.904612
-0.948889 0.90039 0.90039
-0.946667 0.896178 0.896178
-0.944444 0.891975 0.891975
-0.942222 0.887783 0.887783
-0.94 0.8836 0.8836
-0.937778 0.879427 0.879427
-0.935556 0.875264 0.875264
-0.933333 0.871111 0.871111
-0.931111 0.866968 0.866968
-0.928889 0.862835 0.862835
-0.926667 0.858711 0.858711
-0.924444 0.854598 0.854598
-0.922222 0.850494 0.850494
-0.92 0.8464 0.8464
-0.917778 0.842316 0.842316
-0.915556 0.838242 0.838242
-0.913333 0.834178 0.834178
-0.911111 0.830123 0.830123
-0.908889 0.826079 0.826079
-0.906667 0.822044 0.822044
-0.904444 0.81802 0.81802
-0.902222 0.814005 0.814005
-0.9 0.81 0.81
-0.897778 0.806005 0.806005
-0.895556 0.80202 0.80202
-0.893333 0.798044 0.798044
-0.891111 0.794079 0.794079
-0.888889 0.790123 0.790123
-0.886667 0.786178 0.786178
-0.884444 0.782242 0.782242
-0.882222 0.778316 0.778316
-0.88 0.7744 0.7744
-0.877778 0.770494 0.770494
-0.875556 0.766598 0.766598
-0.873333 0.762711 0.762711
-0.871111 0.758835 0.758835
-0.868889 0.754968 0.754968
-0.866667 0.751111 0.751111
-0.864444 0.747264 0.747264
-0.862222 0.743427 0.743427
-0.86 0.7396 0.7396
-0.857778 0.735783 0.735783
-0.855556 0.731975 0.731975
-0.853333 0.728178 0.728178
-0.851111 0.72439 0.72439
-0.848889 0.720612 0.720612
-0.846667 0.716844 0.716844
-0.844444 0.713086 0.713086
-0.842222 0.709338 0.709338
-0.84 0.7056 0.7056
-0.837778 0.701872 0.701872
-0.835556 0.698153 0.698153
-0.833333 0.694444 0.694444
-0.831111 0.690746 0.690746
-0.828889 0.687057 0.687057
-0.826667 0.683378 0.683378
-0.824444 0.679709 0.679709
-0.822222 0.676049 0.676049
-0.82 0.6724 0.6724
-0.817778 0.66876 0.66876
-0.815556 0.665131 0.665131
-0.813333 0.661511 0.661511
-0.811111 0.657901 0.657901
-0.808889 0.654301 0.654301
-0.806667 0.650711 0.650711
-0.804444 0.647131 0.647131
-0.802222 0.64356 0.64356
-0.8 0.64 0.64
-0.797778 0.636449 0.636449
-0.795556 0.632909 0.632909
-0.793333 0.629378 0.629378
-0.791111 0.625857 0.625857
-0.788889 0.622346 0.622346
-0.786667 0.618844 0.618844
-0.784444 0.615353 0.615353
-0.782222 0.611872 0.611872
-0.78 0.6084 0.6084
-0.777778 0.604938 0.604938
-0.775556 0.601486 0.601486
-0.773333 0.598044 0.598044
-0.771111 0.594612 0.594612
-0.768889 0.59119 0.59119
-0.766667 0.587778 0.587778
-0.764444 0.584375 0.584375
-0.762222 0.580983 0.580983
-0.76 0.5776 0.5776
-0.757778 0.574227 0.574227
-0.755556 0.570864 0.570864
-0.753333 0.567511 0.567511
-0.751111 0.564168 0.564168
-0.748889 0.560835 0.560835
-0.746667 0.557511 0.557511
-0.744444 0.554198 0.554198
-0.742222 0.550894 0.550894
-0.74 0.5476 0.5476
-0.737778 0.544316 0.544316
-0.735556 0.541042 0.541042
-0.733333 0.537778 0.537778
-0.731111 0.534523 0.534523
-0.728889 0.531279 0.531279
-0.726667 0.528044 0.528044
-0.724444 0.52482 0.52482
-0.722222 0.521605 0.521605
-0.72 0.5184 0.5184
-0.717778 0.515205 0.515205
-0.715556 0.51202 0.51202
-0.713333 0.508844 0.508844
-0.711111 0.505679 0.505679
-0.708889 0.502523 0.502523
-0.706667 0.499378 0.499378
-0.704444 0.496242 0.496242
-0.702222 0.493116 0.493116
-0.7 0.49 0.49
-0.697778 0.486894 0.486894
-0.695556 0.483798 0.483798
-0.693333 0.480711 0.480711
-0.691111 0.477635 0.477635
-0.688889 0.474568 0.474568
-0.686667 0.471511 0.471511
-0.684444 0.468464 0.468464
-0.682222 0.465427 0.465427
-0.68 0.4624 0.4624
-0.677778 0.459383 0.459383
-0.675556 0.456375 0.456375
-0.673333 0.453378 0.453378
-0.671111 0.45039 0.45039
-0.668889 0.447412 0.447412
-0.666667 0.444444 0.444444
-0.664444 0.441486 0.441486
-0.662222 0.438538 0.438538
-0.66 0.4356 0.4356
-0.657778 0.432672 0.432672
-0.655556 0.429753 0.429753
-0.653333 0.426844 0.426844
-0.651111 0.423946 0.423946
-0.648889 0.421057 0.421057
-0.646667 0.418178 0.418178
-0.644444 0.415309 0.415309
-0.642222 0.412449 0.412449
-0.64 0.4096 0.4096
-0.637778 0.40676 0.40676
-0.635556 0.403931 0.403931
-0.633333 0.401111 0.401111
-0.631111 0.398301 0.398301
-0.628889 0.395501 0.395501
-0.626667 0.392711 0.392711
-0.624444 0.389931 0.389931
-0.622222 0.38716 0.38716
-0.62 0.3844 0.3844
-0.617778 0.381649 0.381649
-0.615556 0.378909 0.378909
-0.613333 0.376178 0.376178
-0.611111 0.373457 0.373457
-0.608889 0.370746 0.370746
-0.606667 0.368044 0.368044
-0.604444 0.365353 0.365353
-0.602222 0.362672 0.362672
-0.6 0.36 0.36
-0.597778 0.357338 0.357338
-0.595556 0.354686 0.354686
-0.593333 0.352044 0.352044
-0.591111 0.349412 0.349412
-0.588889 0.34679 0.34679
-0.586667 0.344178 0.344178
-0.584444 0.341575 0.341575
-0.582222 0.338983 0.338983
-0.58 0.3364 0.3364
-0.577778 0.333827 0.333827
-0.575556 0.331264 0.331264
-0.573333 0.328711 0.328711
-0.571111 0.326168 0.326168
-0.568889 0.323635 0.323635
-0.566667 0.321111 0.321111
-0.564444 0.318598 0.318598
-0.562222 0.316094 0.316094
-0.56 0.3136 0.3136
-0.557778 0.311116 0.311116
-0.555556 0.308642 0.308642
-0.553333 0.306178 0.306178
-0.551111 0.303723 0.303723
-0.548889 0.301279 0.301279
-0.546667 0.298844 0.298844
-0.544444 0.29642 0.29642
-0.542222 0.294005 0.294005
-0.54 0.2916 0.2916
-0.537778 0.289205 0.289205
-0.535556 0.28682 0.28682
-0.533333 0.284444 0.284444
-0.531111 0.282079 0.282079
-0.528889 0.279723 0.279723
-0.526667 0.277378 0.277378
-0.524444 0.275042 0.275042
-0.522222 0.272716 0.272716
-0.52 0.2704 0.2704
-0.517778 0.268094 0.268094
-0.515556 0.265798 0.265798
-0.513333 0.263511 0.263511
-0.511111 0.261235 0.261235
-0.508889 0.258968 0.258968
-0.506667 0.256711 0.256711
-0.504444 0.254464 0.254464
-0.502222 0.252227 0.252227
-0.5 0.25 0.25
-0.497778 0.247783 0.247783
-0.495556 0.245575 0.245575
-0.493333 0.243378 0.243378
-0.491111 0.24119 0.24119
-0.488889 0.239012 0.239012
-0.486667 0.236844 0.236844
-0.484444 0.234686 0.234686
-0.482222 0.232538 0.232538
-0.48 0.2304 0.2304
-0.477778 0.228272 0.228272
-0.475556 0.226153 0.226153
-0.473333 0.224044 0.224044
-0.471111 0.221946 0.221946
-0.468889 0.219857 0.219857
-0.466667 0.217778 0.217778
-0.464444 0.215709 0.215709
-0.462222 0.213649 0.213649
-0.46 0.2116 0.2116
-0.457778 0.20956 0.20956
-0.455556 0.207531 0.207531
-0.453333 0.205511 0.205511
-0.451111 0.203501 0.203501
-0.448889 0.201501 0.201501
-0.446667 0.199511 0.199511
-0.444444 0.197531 0.197531
-0.442222 0.19556 0.19556
-0.44 0.1936 0.1936
-0.437778 0.191649 0.191649
-0.435556 0.189709 0.189709
-0.433333 0.187778 0.187778
-0.431111 0.185857 0.185857
-0.428889 0.183946 0.183946
-0.426667 0.182044 0.182044
-0.424444 0.180153 0.180153
-0.422222 0.178272 0.178272
-0.42 0.1764 0.1764
-0.417778 0.174538 0.174538
-0.415556 0.172686 0.172686
-0.413333 0.170844 0.170844
-0.411111 0.169012 0.169012
-0.408889 0.16719 0.16719
-0.406667 0.165378 0.165378
-0.404444 0.163575 0.163575
-0.402222 0.161783 0.161783
-0.4 0.16 0.16
-0.397778 0.158227 0.158227
-0.395556 0.156464 0.156464
-0.393333 0.154711 0.154711
-0.391111 0.152968 0.152968
-0.388889 0.151235 0.151235
-0.386667 0.149511 0.149511
-0.384444 0.147798 0.147798
-0.382222 0.146094 0.146094
-0.38 0.1444 0.1444
-0.377778 0.142716 0.142716
-0.375556 0.141042 0.141042
-0.373333 0.139378 0.139378
-0.371111 0.137723 0.137723
-0.368889 0.136079 0.136079
-0.366667 0.134444 0.134444
-0.364444 0.13282 0.13282
-0.362222 0.131205 0.131205
-0.36 0.1296 0.1296
-0.357778 0.128005 0.128005
-0.355556 0.12642 0.12642
-0.353333 0.124844 0.124844
-0.351111 0.123279 0.123279
-0.348889 0.121723 0.121723
-0.346667 0.120178 0.120178
-0.344444 0.118642 0.118642
-0.342222 0.117116 0.117116
-0.34 0.1156 0.1156
-0.337778 0.114094 0.114094
-0.335556 0.112598 0.112598
-0.333333 0.111111 0.111111
-0.331111 0.109635 0.109635
-0.328889 0.108168 0.108168
-0.326667 0.106711 0.106711
-0.324444 0.105264 0.105264
-0.322222 0.103827 0.103827
-0.32 0.1024 0.1024
-0.317778 0.100983 0.100983
-0.315556 0.0995753 0.0995753
-0.313333 0.0981778 0.0981778
-0.311111 0.0967901 0.0967901
-0.308889 0.0954123 0.0954123
-0.306667 0.0940444 0.0940444
-0.304444 0.0926864 0.0926864
-0.302222 0.0913383 0.0913383
-0.3 0.09 0.09
-0.297778 0.0886716 0.0886716
-0.295556 0.0873531 0.0873531
-0.293333 0.0860444 0.0860444
-0.291111 0.0847457 0.0847457
-0.288889 0.0834568 0.0834568
-0.286667 0.0821778 0.0821778
-0.284444 0.0809086 0.0809086
-0.282222 0.0796494 0.0796494
-0.28 0.0784 0.0784
-0.277778 0.0771605 0.0771605
-0.275556 0.0759309 0.0759309
-0.273333 0.0747111 0.0747111
-0.271111 0.0735012 0.0735012
-0.268889 0.0723012 0.0723012
-0.266667 0.0711111 0.0711111
-0.264444 0.0699309 0.0699309
-0.262222 0.0687605 0.0687605
-0.26 0.0676 0.0676
-0.257778 0.0664494 0.0664494
-0.255556 0.0653086 0.0653086
-0.253333 0.0641778 0.0641778
-0.251111 0.0630568 0.0630568
-0.248889 0.0619457 0.0619457
-0.246667 0.0608444 0.0608444
-0.244444 0.0597531 0.0597531
-0.242222 0.0586716 0.0586716
-0.24 0.0576 0.0576
-0.237778 0.0565383 0.0565383
-0.235556 0.0554864 0.0554864
-0.233333 0.0544444 0.0544444
-0.231111 0.0534123 0.0534123
-0.228889 0.0523901 0.0523901
-0.226667 0.0513778 0.0513778
-0.224444 0.0503753 0.0503753
-0.222222 0.0493827 0.0493827
-0.22 0.0484 0.0484
-0.217778 0.0474272 0.0474272
-0.215556 0.0464642 0.0464642
-0.213333 0.0455111 0.0455111
-0.211111 0.0445679 0.0445679
-0.208889 0.0436346 0.0436346
-0.206667 0.0427111 0.0427111
-0.204444 0.0417975 0.0417975
-0.202222 0.0408938 0.0408938
-0.2 0.04 0.04
-0.197778 0.039116 0.039116
-0.195556 0.038242 0.038242
-0.193333 0.0373778 0.0373778
-0.191111 0.0365235 0.0365235
-0.188889 0.035679 0.035679
-0.186667 0.0348444 0.0348444
-0.184444 0.0340198 0.0340198
-0.182222 0.0332049 0.0332049
-0.18 0.0324 0.0324
-0.177778 0.0316049 0.0316049
-0.175556 0.0308198 0.0308198
-0.173333 0.0300444 0.0300444
-0.171111 0.029279 0.029279
-0.168889 0.0285235 0.0285235
-0.166667 0.0277778 0.0277778
-0.164444 0.027042 0.027042
-0.162222 0.026316 0.026316
-0.16 0.0256 0.0256
-0.157778 0.0248938 0.0248938
-0.155556 0.0241975 0.0241975
-0.153333 0.0235111 0.0235111
-0.151111 0.0228346 0.0228346
-0.148889 0.0221679 0.0221679
-0.146667 0.0215111 0.0215111
-0.144444 0.0208642 0.0208642
-0.142222 0.0202272 0.0202272
-0.14 0.0196 0.0196
-0.137778 0.0189827 0.0189827
-0.135556 0.0183753 0.0183753
-0.133333 0.0177778 0.0177778
-0.131111 0.0171901 0.0171901
-0.128889 0.0166123 0.0166123
-0.126667 0.0160444 0.0160444
-0.124444 0.0154864 0.0154864
-0.122222 0.0149383 0.0149383
-0.12 0.0144 0.0144
-0.117778 0.0138716 0.0138716
-0.115556 0.0133531 0.0133531
-0.113333 0.0128444 0.0128444
-0.111111 0.0123457 0.0123457
-0.108889 0.0118568 0.0118568
-0.106667 0.0113778 0.0113778
-0.104444 0.0109086 0.0109086
-0.102222 0.0104494 0.0104494
-0.1 0.01 0.01
-0.0977778 0.00956049 0.00956049
-0.0955556 0.00913086 0.00913086
-0.0933333 0.00871111 0.00871111
-0.0911111 0.00830123 0.00830123
-0.0888889 0.00790123 0.00790123
-0.0866667 0.00751111 0.00751111
-0.0844444 0.00713086 0.00713086
-0.0822222 0.00676049 0.00676049
-0.08 0.0064 0.0064
-0.0777778 0.00604938 0.00604938
-0.0755556 0.00570864 0.00570864
-0.0733333 0.00537778 0.00537778
-0.0711111 0.00505679 0.00505679
-0.0688889 0.00474568 0.00474568
-0.0666667 0.00444444 0.00444444
-0.0644444 0.00415309 0.00415309
-0.0622222 0.0038716 0.0038716
-0.06 0.0036 0.0036
-0.0577778 0.00333827 0.00333827
-0.0555556 0.00308642 0.00308642
-0.0533333 0.00284444 0.00284444
-0.0511111 0.00261235 0.00261235
-0.0488889 0.00239012 0.00239012
-0.0466667 0.00217778 0.00217778
-0.0444444 0.00197531 0.00197531
-0.0422222 0.00178272 0.00178272
-0.04 0.0016 0.0016
-0.0377778 0.00142716 0.00142716
-0.0355556 0.0012642 0.0012642
-0.0333333 0.00111111 0.00111111
-0.0311111 0.000967901 0.000967901
-0.0288889 0.000834568 0.000834568
-0.0266667 0.000711111 0.000711111
-0.0244444 0.000597531 0.000597531
-0.0222222 0.000493827 0.000493827
-0.02 0.0004 0.0004
-0.0177778 0.000316049 0.000316049
-0.0155556 0.000241975 0.000241975
-0.0133333 0.000177778 0.000177778
-0.0111111 0.000123457 0.000123457
-0.00888889 7.90123e-05 7.90123e-05
-0.00666667 4.44444e-05 4.44444e-05
-0.00444444 1.97531e-05 1.97531e-05
-0.00222222 4.93827e-06 4.93827e-06
0 1.38778e-17 0
0.00222222 4.93827e-06 4.93827e-06
0.00444444 1.97531e-05 1.97531e-05
0.00666667 4.44444e-05 4.44444e-05
0.00888889 7.90123e-05 7.90123e-05
0.0111111 0.000123457 0.000123457
0.0133333 0.000177778 0.000177778
0.0155556 0.000241975 0.000241975
0.0177778 0.000316049 0.000316049
0.02 0.0004 0.0004
0.0222222 0.000493827 0.000493827
0.0244444 0.000597531 0.000597531
0.0266667 0.000711111 0.000711111
0.0288889 0.000834568 0.000834568
0.0311111 0.000967901 0.000967901
0.0333333 0.00111111 0.00111111
0.0355556 0.0012642 0.0012642
0.0377778 0.00142716 0.00142716
0.04 0.0016 0.0016
0.0422222 0.00178272 0.00178272
0.0444444 0.00197531 0.00197531
0.0466667 0.00217778 0.00217778
0.0488889 0.00239012 0.00239012
0.0511111 0.00261235 0.00261235
0.0533333 0.00284444 0.00284444
0.0555556 0.00308642 0.00308642
0.0577778 0.00333827 0.00333827
0.06 0.0036 0.0036
0.0622222 0.0038716 0.0038716
0.0644444 0.00415309 0.00415309
0.0666667 0.00444444 0.00444444
0.0688889 0.00474568 0.00474568
0.0711111 0.00505679 0.00505679
0.0733333 0.00537778 0.00537778
0.0755556 0.00570864 0.00570864
0.0777778 0.00604938 0.00604938
0.08 0.0064 0.0064
0.0822222 0.00676049 0.00676049
0.0844444 0.00713086 0.00713086
0.0866667 0.00751111 0.00751111
0.0888889 0.00790123 0.00790123
0.0911111 0.00830123 0.00830123
0.0933333 0.00871111 0.00871111
0.0955556 0.00913086 0.00913086
0.0977778 0.00956049 0.00956049
0.1 0.01 0.01
0.102222 0.0104494 0.0104494
0.104444 0.0109086 0.0109086
0.106667 0.0113778 0.0113778
0.108889 0.0118568 0.0118568
0.111111 0.0123457 0.0123457
0.113333 0.0128444 0.0128444
0.115556 0.0133531 0.0133531
0.117778 0.0138716 0.0138716
0.12 0.0144 0.0144
0.122222 0.0149383 0.0149383
0.124444 0.0154864 0.0154864
0.126667 0.0160444 0.0160444
0.128889 0.0166123 0.0166123
0.131111 0.0171901 0.0171901
0.133333 0.0177778 0.0177778
0.135556 0.0183753 0.0183753
0.137778 0.0189827 0.0189827
0.14 0.0196 0.0196
0.142222 0.0202272 0.0202272
0.144444 0.0208642 0.0208642
0.146667 0.0215111 0.0215111
0.148889 0.0221679 0.0221679
0.151111 0.0228346 0.0228346
0.153333 0.0235111 0.0235111
0.155556 0.0241975 0.0241975
0.157778 0.0248938 0.0248938
0.16 0.0256 0.0256
0.162222 0.026316 0.026316
0.164444 0.027042 0.027042
0.166667 0.0277778 0.0277778
0.168889 0.0285235 0.0285235
0.171111 0.029279 0.029279
0.173333 0.0300444 0.0300444
0.175556 0.0308198 0.0308198
0.177778 0.0316049 0.0316049
0.18 0.0324 0.0324
0.182222 0.0332049 0.0332049
0.184444 0.0340198 0.0340198
0.186667 0.0348444 0.0348444
0.188889 0.035679 0.035679
0.191111 0.0365235 0.0365235
0.193333 0.0373778 0.0373778
0.195556 0.038242 0.038242
0.197778 0.039116 0.039116
0.2 0.04 0.04
0.202222 0.0408938 0.0408938
0.204444 0.0417975 0.0417975
0.206667 0.0427111 0.0427111
0.208889 0.0436346 0.0436346
0.211111 0.0445679 0.0445679
0.213333 0.0455111 0.0455111
0.215556 0.0464642 0.0464642
0.217778 0.0474272 0.0474272
0.22 0.0484 0.0484
0.222222 0.0493827 0.0493827
0.224444 0.0503753 0.0503753
0.226667 0.0513778 0.0513778
0.228889 0.0523901 0.0523901
0.231111 0.0534123 0.0534123
0.233333 0.0544444 0.0544444
0.235556 0.0554864 0.0554864
0.237778 0.0565383 0.0565383
0.24 0.0576 0.0576
0.242222 0.0586716 0.0586716
0.244444 0.0597531 0.0597531
0.246667 0.0608444 0.0608444
0.248889 0.0619457 0.0619457
0.251111 0.0630568 0.0630568
0.253333 0.0641778 0.0641778
0.255556 0.0653086 0.0653086
0.257778 0.0664494 0.0664494
0.26 0.0676 0.0676
0.262222 0.0687605 0.0687605
0.264444 0.0699309 0.0699309
0.266667 0.0711111 0.0711111
0.268889 0.0723012 0.0723012
0.271111 0.0735012 0.0735012
0.273333 0.0747111 0.0747111
0.275556 0.0759309 0.0759309
0.277778 0.0771605 0.0771605
0.28 0.0784 0.0784
0.282222 0.0796494 0.0796494
0.284444 0.0809086 0.0809086
0.286667 0.0821778 0.0821778
0.288889 0.0834568 0.0834568
0.291111 0.0847457 0.0847457
0.293333 0.0860444 0.0860444
0.295556 0.0873531 0.0873531
0.297778 0.0886716 0.0886716
0.3 0.09 0.09
0.302222 0.0913383 0.0913383
0.304444 0.0926864 0.0926864
0.306667 0.0940444 0.0940444
0.308889 0.0954123 0.0954123
0.311111 0.0967901 0.0967901
0.313333 0.0981778 0.0981778
0.315556 0.0995753 0.0995753
0.317778 0.100983 0.100983
0.32 0.1024 0.1024
0.322222 0.103827 0.103827
0.324444 0.105264 0.105264
0.326667 0.106711 0.106711
0.328889 0.108168 0.108168
0.331111 0.109635 0.109635
0.333333 0.111111 0.111111
0.335556 0.112598 0.112598
0.337778 0.114094 0.114094
0.34 0.1156 0.1156
0.342222 0.117116 0.117116
0.344444 0.118642 0.118642
0.346667 0.120178 0.120178
0.348889 0.121723 0.121723
0.351111 0.123279 0.123279
0.353333 0.124844 0.124844
0.355556 0.12642 0.12642
0.357778 0.128005 0.128005
0.36 0.1296 0.1296
0.362222 0.131205 0.131205
0.364444 0.13282 0.13282
0.366667 0.134444 0.134444
0.368889 0.136079 0.136079
0.371111 0.137723 0.137723
0.373333 0.139378 0.139378
0.375556 0.141042 0.141042
0.377778 0.142716 0.142716
0.38 0.1444 0.1444
0.382222 0.146094 0.146094
0.384444 0.147798 0.147798
0.386667 0.149511 0.149511
0.388889 0.151235 0.151235
0.391111 0.152968 0.152968
0.393333 0.154711 0.154711
0.395556 0.156464 0.156464
0.397778 0.158227 0.158227
0.4 0.16 0.16
0.402222 0.161783 0.161783
0.404444 0.163575 0.163575
0.406667 0.165378 0.165378
0.408889 0.16719 0.16719
0.411111 0.169012 0.169012
0.413333 0.170844 0.170844
0.415556 0.172686 0.172686
0.417778 0.174538 0.174538
0.42 0.1764 0.1764
0.422222 0.178272 0.178272
0.424444 0.180153 0.180153
0.426667 0.182044 0.182044
0.428889 0.183946 0.183946
0.431111 0.185857 0.185857
0.433333 0.187778 0.187778
0.435556 0.189709 0.189709
0.437778 0.191649 0.191649
0.44 0.1936 0.1936
0.442222 0.19556 0.19556
0.444444 0.197531 0.197531
0.446667 0.199511 0.199511
0.448889 0.201501 0.201501
0.451111 0.203501 0.203501
0.453333 0.205511 0.205511
0.455556 0.207531 0.207531
0.457778 0.20956 0.20956
0.46 0.2116 0.2116
0.462222 0.213649 0.213649
0.464444 0.215709 0.215709
0.466667 0.217778 0.217778
0.468889 0.219857 0.219857
0.471111 0.221946 0.221946
0.473333 0.224044 0.224044
0.475556 0.226153 0.226153
0.477778 0.228272 0.228272
0.48 0.2304 0.2304
0.482222 0.232538 0.232538
0.484444 0.234686 0.234686
0.486667 0.236844 0.236844
0.488889 0.239012 0.239012
0.491111 0.24119 0.24119
0.493333 0.243378 0.243378
0.495556 0.245575 0.245575
0.497778 0.247783 0.247783
0.5 0.25 0.25
0.502222 0.252227 0.252227
0.504444 0.254464 0.254464
0.506667 0.256711 0.256711
0.508889 0.258968 0.258968
0.511111 0.261235 0.261235
0.513333 0.263511 0.263511
0.515556 0.265798 0.265798
0.517778 0.268094 0.268094
0.52 0.2704 0.2704
0.522222 0.272716 0.272716
0.524444 0.275042 0.275042
0.526667 0.277378 0.277378
0.528889 0.279723 0.279723
0.531111 0.282079 0.282079
0.533333 0.284444 0.284444
0.535556 0.28682 0.28682
0.537778 0.289205 0.289205
0.54 0.2916 0.2916
0.542222 0.294005 0.294005
0.544444 0.29642 0.29642
0.546667 0.298844 0.298844
0.548889 0.301279 0.301279
0.551111 0.303723 0.303723
0.553333 0.306178 0.306178
0.555556 0.308642 0.308642
0.557778 0.311116 0.311116
0.56 0.3136 0.3136
0.562222 0.316094 0.316094
0.564444 0.318598 0.318598
0.566667 0.321111 0.321111
0.568889 0.323635 0.323635
0.571111 0.326168 0.326168
0.573333 0.328711 0.328711
0.575556 0.331264 0.331264
0.577778 0.333827 0.333827
0.58 0.3364 0.3364
0.582222 0.338983 0.338983
0.584444 0.341575 0.341575
0.586667 0.344178 0.344178
0.588889 0.34679 0.34679
0.591111 0.349412 0.349412
0.593333 0.352044 0.352044
0.595556 0.354686 0.354686
0.597778 0.357338 0.357338
0.6 0.36 0.36
0.602222 0.362672 0.362672
0.604444 0.365353 0.365353
0.606667 0.368044 0.368044
0.608889 0.370746 0.370746
0.611111 0.373457 0.373457
0.613333 0.376178 0.376178
0.615556 0.378909 0.378909
0.617778 0.381649 0.381649
0.62 0.3844 0.3844
0.622222 0.38716 0.38716
0.624444 0.389931 0.389931
0.626667 0.392711 0.392711
0.628889 0.395501 0.395501
0.631111 0.398301 0.398301
0.633333 0.401111 0.401111
0.635556 0.403931 0.403931
0.637778 0.40676 0.40676
0.64 0.4096 0.4096
0.642222 0.412449 0.412449
0.644444 0.415309 0.415309
0.646667 0.418178 0.418178
0.648889 0.421057 0.421057
0.651111 0.423946 0.423946
0.653333 0.426844 0.426844
0.655556 0.429753 0.429753
0.657778 0.432672 0.432672
0.66 0.4356 0.4356
0.662222 0.438538 0.438538
0.664444 0.441486 0.441486
0.666667 0.444444 0.444444
0.668889 0.447412 0.447412
0.671111 0.45039 0.45039
0.673333 0.453378 0.453378
0.675556 0.456375 0.456375
0.677778 0.459383 0.459383
0.68 0.4624 0.4624
0.682222 0.465427 0.465427
0.684444 0.468464 0.468464
0.686667 0.471511 0.471511
0.688889 0.474568 0.474568
0.691111 0.477635 0.477635
0.693333 0.480711 0.480711
0.695556 0.483798 0.483798
0.697778 0.486894 0.486894
0.7 0.49 0.49
0.702222 0.493116 0.493116
0.704444 0.496242 0.496242
0.706667 0.499378 0.499378
0.708889 0.502523 0.502523
0.711111 0.505679 0.505679
0.713333 0.508844 0.508844
0.715556 0.51202 0.51202
0.717778 0.515205 0.515205
0.72 0.5184 0.5184
0.722222 0.521605 0.521605
0.724444 0.52482 0.52482
0.726667 0.528044 0.528044
0.728889 0.531279 0.531279
0.731111 0.534523 0.534523
0.733333 0.537778 0.537778
0.735556 0.541042 0.541042
0.737778 0.544316 0.544316
0.74 0.5476 0.5476
0.742222 0.550894 0.550894
0.744444 0.554198 0.554198
0.746667 0.557511 0.557511
0.748889 0.560835 0.560835
0.751111 0.564168 0.564168
0.753333 0.567511 0.567511
0.755556 0.570864 0.570864
0.757778 0.574227 0.574227
0.76 0.5776 0.5776
0.762222 0.580983 0.580983
0.764444 0.584375 0.584375
0.766667 0.587778 0.587778
0.768889 0.59119 0.59119
0.771111 0.594612 0.594612
0.773333 0.598044 0.598044
0.775556 0.601486 0.601486
0.777778 0.604938 0.604938
0.78 0.6084 0.6084
0.782222 0.611872 0.611872
0.784444 0.615353 0.615353
0.786667 0.618844 0.618844
0.788889 0.622346 0.622346
0.791111 0.625857 0.625857
0.793333 0.629378 0.629378
0.795556 0.632909 0.632909
0.797778 0.636449 0.636449
0.8 0.64 0.64
0.802222 0.64356 0.64356
0.804444 0.647131 0.647131
0.806667 0.650711 0.650711
0.808889 0.654301 0.654301
0.811111 0.657901 0.657901
0.813333 0.661511 0.661511
0.815556 0.665131 0.665131
0.817778 0.66876 0.66876
0.82 0.6724 0.6724
0.822222 0.676049 0.676049
0.824444 0.679709 0.679709
0.826667 0.683378 0.683378
0.828889 0.687057 0.687057
0.831111 0.690746 0.690746
0.833333 0.694444 0.694444
0.835556 0.698153 0.698153
0.837778 0.701872 0.701872
0.84 0.7056 0.7056
0.842222 0.709338 0.709338
0.844444 0.713086 0.713086
0.846667 0.716844 0.716844
0.848889 0.720612 0.720612
0.851111 0.72439 0.72439
0.853333 0.728178 0.728178
0.855556 0.731975 0.731975
0.857778 0.735783 0.735783
0.86 0.7396 0.7396
0.862222 0.743427 0.743427
0.864444 0.747264 0.747264
0.866667 0.751111 0.751111
0.868889 0.754968 0.754968
0.871111 0.758835 0.758835
0.873333 0.762711 0.762711
0.875556 0.766598 0.766598
0.877778 0.770494 0.770494
0.88 0.7744 0.7744
0.882222 0.778316 0.778316
0.884444 0.782242 0.782242
0.886667 0.786178 0.786178
0.888889 0.790123 0.790123
0.891111 0.794079 0.794079
0.893333 0.798044 0.798044
0.895556 0.80202 0.80202
0.897778 0.806005 0.806005
0.9 0.81 0.81
0.902222 0.814005 0.814005
0.904444 0.81802 0.81802
0.906667 0.822044 0.822044
0.908889 0.826079 0.826079
0.911111 0.830123 0.830123
0.913333 0.834178 0.834178
0.915556 0.838242 0.838242
0.917778 0.842316 0.842316
0.92 0.8464 0.8464
0.922222 0.850494 0.850494
0.924444 0.854598 0.854598
0.926667 0.858711 0.858711
0.928889 0.862835 0.862835
0.931111 0.866968 0.866968
0.933333 0.871111 0.871111
0.935556 0.875264 0.875264
0.937778 0.879427 0.879427
0.94 0.8836 0.8836
0.942222 0.887783 0.887783
0.944444 0.891975 0.891975
0.946667 0.896178 0.896178
0.948889 0.90039 0.90039
0.951111 0.904612 0.904612
0.953333 0.908844 0.908844
0.955556 0.913086 0.913086
0.957778 0.917338 0.917338
0.96 0.9216 0.9216
0.962222 0.925872 0.925872
0.964444 0.930153 0.930153
0.966667 0.934444 0.934444
0.968889 0.938746 0.938746
0.971111 0.943057 0.943057
0.973333 0.947378 0.947378
0.975556 0.951709 0.951709
0.977778 0.956049 0.956049
0.98 0.9604 0.9604
0.982222 0.96476 0.96476
0.984444 0.969131 0.969131
0.986667 0.973511 0.973511
0.988889 0.977901 0.977901
0.991111 0.982301 0.982301
0.993333 0.986711 0.986711
0.995556 0.991131 0.991131
0.997778 0.99556 0.99556
1 1 1
